510
224
72
116
227
187
268
313
180
127
126
173
54
211
286
70
137
63
219
78
177
41
144
89
265
55
207
258
202
174
85
296
91
255
9915
5032
2639
870
2809
510
4031
1580
602
1102
282
294
298
687
6415
1546
406
58
233
81
174
79
138
75
118
187
80
236
43
166
75
133
77
179
107
136
51
202
73
106
233
98
154
53
125
73
214
67
156
77
146
88
168
51
218
257
59
148
91
167
73
247
115
161
40
172
98
158
108
184
240
127
194
105
162
80
232
21
221
81
144
90
209
97
198
233
73
154
71
232
78
206
46
190
74
188
40
210
55
166
222
97
217
32
187
1196
8230
655
636
3135
7519
3543
2675
1122
809
851
291
259
352
1014
11067
3439
317
7536
992
239
107
217
132
192
346
61
185
89
148
99
147
87
193
42
159
100
169
116
162
275
68
224
80
156
78
169
60
166
52
140
100
170
93
235
169
96
213
81
175
141
189
94
170
47
146
64
145
65
151
185
66
239
78
137
32
167
50
163
78
140
115
231
76
146
253
85
136
88
181
71
182
88
110
68
144
86
154
112
181
210
90
173
33
227
69
268
184
139
57
173
82
114
55
190
174
81
161
112
129
96
154
104
158
93
177
81
163
119
203
246
46
209
90
185
136
184
50
145
79
211
68
193
71
156
225
79
161
96
155
54
191
78
112
95
166
69
192
110
146
212
39
191
105
220
73
289
145
142
85
220
115
173
116
226
239
79
158
80
176
60
172
57
136
88
188
75
158
89
160
249
67
242
74
192
99
165
118
195
132
160
127
143
93
180
234
65
193
86
102
101
179
59
128
80
210
103
168
81
182
238
46
198
75
204
52
208
84
162
117
218
103
170
106
198
200
101
165
60
128
97
184
50
187
66
177
61
265
110
134
183
109
275
69
177
95
242
92
194
90
188
77
129
84
161
234
101
226
99
135
100
137
286
165
95
227
43
209
75
185
247
82
177
130
170
86
167
102
235
109
191
82
225
139
196
278
129
170
71
211
6859
3478
1475
1071
1489
3788
5013
736
4100
393
327
391
864
788
3091
5062
1278
3422
197
84
183
132
191
54
259
225
61
175
54
227
68
123
57
192
140
229
62
128
93
156
321
91
168
83
154
85
140
93
140
70
137
108
304
86
177
218
97
148
93
178
88
123
72
132
68
167
124
155
97
319
219
71
